0.265, 0.002992391586303711
0.0325, 0.0004940032958984375
0.0475, 0.0004317760467529297
0.245, 0.002625703811645508
0.105, 0.0009894371032714844
0.04, 0.0003561973571777344
0.0875, 0.0009815692901611328
0.2325, 0.0024039745330810547
0.1275, 0.0014405250549316406
0.07, 0.000949859619140625
0.11, 0.0014243125915527344
0.7225, 0.016618013381958008
0.0125, 0.00014591217041015625
0.145, 0.0014867782592773438
0.15, 0.001628875732421875
0.0675, 0.0006101131439208984
0.37, 0.004221200942993164
0.08, 0.0012755393981933594
0.2475, 0.004886150360107422
0.1825, 0.002114534378051758
0.06, 0.0006589889526367188
0.1675, 0.001756429672241211
0.3425, 0.003911018371582031
0.2775, 0.003164052963256836
0.1575, 0.0016200542449951172
0.0275, 0.0002646446228027344
0.235, 0.0048580169677734375
0.1225, 0.002780437469482422
0.03, 0.0003154277801513672
0.195, 0.002181529998779297
0.1375, 0.0012657642364501953
0.0675, 0.0006461143493652344
0.235, 0.0047872066497802734
0.08, 0.0013377666473388672
0.1575, 0.0015532970428466797
0.215, 0.0026733875274658203
0.07, 0.0008325576782226562
0.4175, 0.004742145538330078
0.2625, 0.002856731414794922
0.1125, 0.0011394023895263672
0.1025, 0.0008628368377685547
0.135, 0.0014698505401611328
0.065, 0.0006420612335205078
0.17, 0.0029578208923339844
0.2775, 0.00310516357421875
0.0775, 0.0006673336029052734
0.4675, 0.005529880523681641
0.15, 0.0015988349914550781
0.165, 0.0017743110656738281
0.125, 0.0022611618041992188
