0.68, 0.00924372673034668
0.1125, 0.0014061927795410156
0.1025, 0.001645803451538086
0.5125, 0.006561756134033203
0.3125, 0.0070340633392333984
0.2225, 0.002698183059692383
0.24, 0.0029592514038085938
0.43, 0.005772590637207031
0.2675, 0.0066182613372802734
0.07, 0.0010175704956054688
0.2225, 0.005215644836425781
0.7225, 0.013673782348632812
0.0225, 0.00028204917907714844
0.52, 0.0063970088958740234
0.3625, 0.004572391510009766
0.1825, 0.0022683143615722656
0.7275, 0.017644166946411133
0.4325, 0.009876489639282227
0.57, 0.0072252750396728516
0.315, 0.00409698486328125
0.2425, 0.0028839111328125
0.5175, 0.0067141056060791016
0.63, 0.008193254470825195
0.59, 0.007857084274291992
0.5025, 0.0059893131256103516
0.1, 0.0019447803497314453
0.475, 0.011194229125976562
0.4525, 0.005849361419677734
0.0975, 0.0011570453643798828
0.355, 0.0049152374267578125
0.3275, 0.004282951354980469
0.1825, 0.002129793167114258
0.5975, 0.014113903045654297
0.1425, 0.0016629695892333984
0.295, 0.003875732421875
0.45, 0.005529165267944336
0.5225, 0.006689786911010742
0.6575, 0.008656501770019531
0.605, 0.0076868534088134766
0.2775, 0.0037200450897216797
0.3725, 0.005120515823364258
0.335, 0.004329681396484375
0.115, 0.0026388168334960938
0.6475, 0.008275747299194336
0.72, 0.009430170059204102
0.345, 0.004884004592895508
0.73, 0.009969949722290039
0.475, 0.0073964595794677734
0.6025, 0.008072376251220703
0.21, 0.0028693675994873047
