0.3575, 0.004976749420166016
0.045, 0.00047969818115234375
0.0525, 0.0006811618804931641
0.295, 0.0037763118743896484
0.1875, 0.0021486282348632812
0.07, 0.0007238388061523438
0.1275, 0.001524209976196289
0.2875, 0.003748655319213867
0.155, 0.001983165740966797
0.07, 0.0010476112365722656
0.1275, 0.002773284912109375
0.7225, 0.010862350463867188
0.0125, 0.00010704994201660156
0.255, 0.0031054019927978516
0.215, 0.0034630298614501953
0.095, 0.0011453628540039062
0.4675, 0.01098775863647461
0.1775, 0.003498077392578125
0.3475, 0.004701375961303711
0.21, 0.0027666091918945312
0.075, 0.0008802413940429688
0.2425, 0.0031385421752929688
0.4425, 0.0059435367584228516
0.39, 0.006037712097167969
0.1975, 0.0024454593658447266
0.0375, 0.00039577484130859375
0.28, 0.003645658493041992
0.22, 0.0028486251831054688
0.045, 0.0005385875701904297
0.2475, 0.0033614635467529297
0.185, 0.0027399063110351562
0.0825, 0.0009999275207519531
0.315, 0.007567882537841797
0.08, 0.0015981197357177734
0.2375, 0.0031905174255371094
0.27, 0.00351715087890625
0.155, 0.0018770694732666016
0.4275, 0.005658626556396484
0.3175, 0.004169940948486328
0.16, 0.0020477771759033203
0.19, 0.0022568702697753906
0.1775, 0.0021283626556396484
0.085, 0.0017786026000976562
0.2625, 0.003177642822265625
0.3725, 0.005112171173095703
0.1425, 0.001695871353149414
0.525, 0.007049560546875
0.2325, 0.0029435157775878906
0.2725, 0.003320455551147461
0.1425, 0.0017704963684082031
