0.675, 0.021149635314941406
0.7325, 0.027229785919189453
0.3, 0.005559682846069336
0.2575, 0.00429987907409668
0.19, 0.0029273033142089844
0.3025, 0.004975795745849609
0.705, 0.03488898277282715
0.385, 0.007915496826171875
0.735, 0.027313232421875
0.07, 0.0014612674713134766
0.25, 0.006819963455200195
0.7225, 0.03221011161804199
0.005, 0.0001010894775390625
0.61, 0.014136791229248047
0.6875, 0.021722793579101562
0.14, 0.0019223690032958984
0.1375, 0.0035605430603027344
0.31, 0.009913444519042969
0.535, 0.02519392967224121
0.2875, 0.004873991012573242
0.6675, 0.02084946632385254
0.425, 0.010548114776611328
0.3825, 0.007841825485229492
0.485, 0.010881662368774414
0.3275, 0.0069653987884521484
0.385, 0.007175922393798828
0.3625, 0.007934093475341797
0.465, 0.010243892669677734
0.5325, 0.014254331588745117
0.5275, 0.01324319839477539
0.0525, 0.0005929470062255859
0.4025, 0.008308649063110352
0.1275, 0.002968311309814453
0.125, 0.0026862621307373047
0.1825, 0.003733396530151367
0.48, 0.010875940322875977
0.0475, 0.0006151199340820312
0.515, 0.015342950820922852
0.715, 0.031086444854736328
0.2875, 0.005714893341064453
0.0375, 0.00043272972106933594
0.37, 0.00763392448425293
0.72, 0.02296304702758789
0.29, 0.005396604537963867
0.6, 0.016487836837768555
0.1225, 0.0016405582427978516
0.355, 0.00697016716003418
0.09, 0.002191305160522461
0.0575, 0.0007359981536865234
0.0975, 0.001394510269165039
